0.226518
0.256391
0.226382
0.173952
0.242055
0.192939
0.254631
0.264376
0.261641
0.258916
0.221930
0.223237
0.259687
0.283570
0.209009
0.202946
0.254299
0.251899
0.257017
0.192484
0.173248
0.300265
0.228547
0.216656
0.212158
0.165242
0.262737
0.219969
0.249813
0.251402
0.191817
0.216834
0.212112
0.172417
0.217773
0.202230
0.278275
0.263218
0.227306
0.228064
0.245929
0.238235
0.307580
0.296743
0.239495
0.227065
0.225347
0.253832
0.159891
0.299180
0.276531
0.272184
0.235636
0.196808
0.234587
0.268488
0.216254
0.224490
0.271671
0.234613
0.261239
0.237637
0.152265
0.240329
0.198738
0.269538
0.209711
0.250340
0.220326
0.165941
0.211680
0.188039
0.231098
0.265781
0.215166
0.228260
0.219843
0.303704
0.251574
0.243691
0.215234
0.279030
0.171140
0.189408
0.300988
0.222556
0.215523
0.193068
0.189845
0.238700
0.213143
0.242656
0.217347
0.250669
0.269474
0.244461
0.205843
0.306780
0.304288
0.270384
0.178616
0.235641
0.185826
0.222123
0.236391
0.258030
0.295771
0.204509
0.200048
0.202567
0.255064
0.258612
0.251756
0.244115
0.198362
0.237407
0.184191
0.227865
0.254418
0.281582
0.224616
0.276952
0.175344
0.322378
0.301630
0.186788
0.271879
0.215900
0.233397
0.262279
0.215472
0.256243
0.212986
0.194413
0.195281
0.226948
0.227730
0.182831
0.253258
0.167651
0.221854
0.250696
0.183988
0.232563
0.185819
0.207179
0.230966
0.268078
0.276941
0.214765
0.234263
0.221336
0.253683
0.239034
0.223039
0.256936
0.224933
0.263907
0.274737
0.219273
0.189246
0.208271
0.304309
0.232178
0.254207
0.248416
0.237898
0.178238
0.219336
0.247641
0.230943
0.272920
0.219834
0.280976
0.257446
0.259560
0.285479
0.296775
0.236725
0.274031
0.184115
0.263350
0.225475
0.235286
0.229690
0.314347
0.192559
0.209116
0.265329
0.200878
0.211936
0.257216
0.189697
0.220926
0.243791
0.222322
0.252212
0.200326
0.237705
0.262930
0.262923
0.271347
0.257057
0.225130
0.329860
0.236991
0.202948
0.227306
0.209912
0.240917
0.261037
0.233318
0.235590
0.232403
0.251037
0.233837
0.253550
0.246628
0.186062
0.213441
0.256602
0.217617
0.203884
0.256694
0.266934
0.279520
0.189086
0.269893
0.219472
0.259547
0.218323
0.291847
0.263621
0.269495
0.240878
0.248827
0.231749
0.240091
0.192609
0.215509
0.219263
0.225500
0.210641
0.194717
0.173995
0.229152
0.217362
0.227031
0.247755
0.151125
0.208202
0.255924
0.229782
0.273696
0.193195
0.218378
