0.638907
-0.044642
0.681149
-0.744961
0.185078
-0.789344
-0.897448
0.048164
-0.875170
0.194263
-0.404993
-0.192296
0.549053
1.031325
0.377083
0.250629
0.472048
-1.028452
-0.332857
0.271791
-0.292373
0.918530
-1.705678
-0.344572
0.663007
0.191220
-1.089517
0.262898
-0.306162
0.511733
-0.086745
-0.215689
-0.276040
0.427924
0.777640
-0.251785
0.843718
-1.334613
0.029815
-0.520471
-0.387940
-1.082075
-0.070520
-0.667533
-0.263677
-0.393528
-0.680112
-1.312144
-0.359883
0.352305
0.265271
0.213823
-0.591465
-0.694419
0.532013
-0.070369
-0.134365
-0.246059
-0.076455
-0.386705
-0.576504
0.193907
-0.512894
-0.258727
-0.766154
-0.996168
-0.239605
0.061811
0.155188
-0.075028
0.338445
-0.523976
-0.533123
0.610497
-0.697002
-0.588771
-1.382228
-0.009437
-1.189541
1.650264
0.153860
-0.046410
0.440818
-0.372450
-0.014179
0.059224
-1.260195
-0.180096
0.028804
-0.177691
0.118719
-0.409383
-0.017282
-0.601848
0.040142
-0.499911
-0.068804
0.250268
0.255830
0.049720
0.971226
-0.620118
0.185404
-0.823484
0.284078
0.982182
-0.136108
0.463323
-0.615075
-0.696018
-0.267816
0.073078
-0.389787
-0.709144
0.456150
-0.157363
-0.184564
-0.457173
0.045925
-1.612243
0.351285
1.001438
-0.251338
-0.267517
-0.312543
-1.107027
-1.350763
-0.152110
-0.604131
-0.129797
-0.566045
0.216601
0.101489
0.076419
-0.512562
-0.060842
0.737471
0.247916
-0.863216
-0.827868
-0.004444
-0.098775
-0.469507
-0.432169
0.223170
0.173418
-0.319420
0.112840
-1.314777
-0.275684
0.404349
0.635952
-0.065133
-0.348535
-0.291900
-0.248383
-0.191253
0.265213
-0.897375
0.095869
0.049844
-0.437086
0.003366
-0.702723
-0.841139
0.749796
1.054468
-1.040303
0.499275
0.704340
1.623255
-0.633094
0.510167
-1.465154
0.786826
-0.668300
-0.130888
-0.310181
-0.027730
0.945625
-0.142508
-1.022232
0.562636
-0.586949
-0.491014
-1.384341
-0.483814
-0.088707
-0.389854
-0.906478
-0.312354
-0.789914
-0.810965
-0.322408
-0.209013
-0.548041
0.116117
0.097705
-0.783048
0.006650
0.059587
-1.061640
-0.098848
0.180129
0.255620
-0.679565
-0.867172
-0.198217
0.807785
-0.844346
0.088032
-0.896490
0.209967
-0.328433
-0.111224
-0.888867
0.697005
-0.320570
0.336258
0.552405
-0.664934
0.394344
1.203680
-0.666785
-0.480888
-1.642513
1.512961
-1.354676
-0.361267
0.628318
-0.910845
0.795542
-1.423502
-0.060244
-0.301909
-0.564899
0.348796
-0.257141
-0.462671
0.647286
-0.451339
0.469414
-0.798876
-0.682361
0.983738
-0.020869
-0.253688
-0.212486
-0.463160
-0.107208
-0.280366
-0.878555
-1.030748
0.009982
-0.322105
-0.046088
