0.809744
0.781106
0.888442
0.848446
0.805574
0.763849
0.819731
0.774190
0.770947
0.657478
0.792457
0.819057
0.801380
0.909282
0.890989
0.865699
0.868923
0.901522
0.700823
0.912233
0.860728
0.727697
0.915582
0.764237
0.604113
0.831744
0.882116
0.828004
0.803256
0.914641
0.763546
0.757605
0.760236
0.867365
0.724943
0.782448
0.597324
0.955874
0.657942
0.992879
0.637587
0.557081
0.731539
0.855378
0.890994
0.772419
0.836375
0.734042
0.897583
0.823897
0.805369
0.935261
0.738434
0.750953
0.680589
0.919085
0.903262
0.559729
0.662055
0.800468
0.672474
0.808085
0.847674
0.880698
0.599300
0.830461
0.674852
0.738580
0.982895
0.895771
0.883570
0.872607
0.774295
0.790434
0.823700
0.785243
0.917198
1.000307
0.746672
0.938612
0.703971
0.897973
0.758720
0.697658
0.743333
0.787185
0.937879
0.754417
0.689257
0.852991
0.856847
0.784809
0.687382
1.017878
0.835438
0.678762
0.749552
0.839330
0.846710
0.798067
0.824229
0.694702
0.839304
0.770936
0.793933
0.717470
0.917215
0.795389
0.840915
0.732649
0.745617
0.731090
0.786234
0.633707
0.752942
0.623055
0.666774
0.555045
0.661685
0.686563
0.994965
0.855177
0.866264
0.886504
0.862334
0.993270
0.699696
0.722269
0.594015
0.725329
0.755836
0.891267
0.756752
0.690940
0.635314
0.691320
0.761631
0.832802
0.865766
0.664268
0.769134
0.792585
0.775203
0.656646
0.866760
0.588814
0.751517
0.900793
0.913874
0.768395
0.815030
0.832762
0.937575
0.792692
0.731792
0.699940
0.798234
0.759327
0.758393
0.880966
0.868378
0.667563
0.608504
0.847122
0.772837
0.771246
0.815754
0.779645
0.695512
0.673399
0.757104
0.773803
0.592826
0.641440
0.753326
0.853276
0.547816
0.878407
0.715475
0.554046
1.014752
0.704318
0.659184
1.049328
0.774553
0.763726
0.865529
0.741286
0.695769
0.543853
0.709078
0.852194
0.595285
0.865771
0.908010
0.937819
0.959544
0.871344
0.752762
0.836782
0.826600
0.851980
0.815782
0.702171
0.682486
0.765128
0.749469
0.809473
0.775179
0.705997
0.671504
0.901100
0.908951
0.632125
0.905301
0.719003
0.828266
0.894394
0.844993
0.881814
0.914019
0.685722
0.782231
0.799290
0.889388
0.783882
0.622696
0.819991
0.834131
0.839771
0.872969
0.736462
0.747020
0.821878
0.496067
0.719439
0.784887
0.866943
0.757957
0.833392
0.847032
0.810891
0.615132
0.942304
0.879585
0.722235
0.861375
0.840280
0.984927
0.854029
0.979957
0.798735
0.688764
0.768685
0.729167
0.789269
