0.678118
-1.122668
-0.430616
0.434695
0.327726
0.576419
0.219850
-0.016497
0.240900
-0.094196
0.713902
1.426060
-0.730790
0.045325
0.084927
-0.428236
0.775423
-0.740843
-0.390640
-0.131149
-0.308666
-0.145704
0.060051
0.275825
0.366195
-0.019159
0.243239
1.069141
-0.859099
-0.395411
0.468762
-0.619586
0.173709
1.164218
0.284838
-0.262209
-0.203488
0.042375
0.103919
-0.276092
-0.373335
0.247097
0.312900
-0.103158
-0.290600
0.570718
-0.225175
-0.151231
0.979399
0.479551
0.258718
-0.129342
-0.244027
0.268646
0.266832
-0.311544
-0.501735
-0.072249
-0.189186
-0.020171
-0.311126
0.109997
0.355676
0.480734
0.083366
0.888153
0.080294
0.256754
0.738199
0.638209
0.801286
-0.160033
-0.494504
0.760531
0.943687
-0.565552
0.508591
-0.777879
0.319501
-0.748187
-0.121816
-0.301275
0.456906
0.093949
0.054772
-0.102322
-0.143285
-0.299313
-0.287095
0.914362
-0.056681
-0.270900
0.400839
0.506434
0.052629
0.267176
-0.726357
0.111282
0.529978
0.030887
0.350251
0.066173
-0.653829
1.205848
-0.313181
0.085994
0.721083
0.399969
1.145898
0.834626
-0.526310
-0.080281
-1.093816
-0.014374
-0.300590
0.368685
0.555090
0.565428
0.255803
0.204955
-0.876294
0.612441
1.148267
1.343790
0.275560
0.005198
0.512276
0.500965
0.086773
-0.205314
0.231569
0.238361
0.580268
0.745317
0.002269
0.789244
-0.685621
-0.645330
0.352180
-0.091699
-0.664039
0.331263
-0.251259
-0.201858
-0.739096
-0.069856
1.086638
0.232660
-0.398120
-0.466794
-0.272347
0.312796
0.736509
0.063999
0.510844
0.360731
0.056737
0.991633
0.094627
-0.559334
0.566207
-0.639482
0.313812
-0.066650
-0.043504
-0.211994
-0.770866
-0.121281
-0.011139
0.289857
-0.564191
0.232028
-0.030665
0.456195
-0.760425
0.301430
0.054302
-1.027494
-0.219561
0.132822
0.020666
0.546324
0.031057
0.187222
-0.632621
1.211134
0.345216
0.789877
-0.583683
0.448629
0.220562
0.129961
0.259002
0.168575
0.182122
-0.074176
-0.030363
0.076300
0.148336
-0.525525
0.607935
-0.709902
1.264347
0.072267
-0.030688
0.089950
0.241161
0.446622
0.406074
-0.119125
0.605129
0.559311
-0.269702
0.330712
-0.578893
0.160478
-0.402263
-0.048059
-0.391184
0.641354
-0.154126
-0.179938
-0.491164
0.706909
0.105900
-0.150785
-0.126911
-0.939781
-0.779771
0.697737
-0.285401
-0.342543
0.381047
-0.360980
0.100944
-0.116596
-0.305260
0.632466
0.511935
-0.580884
1.248997
-0.446946
-0.134475
0.726027
0.192032
0.175560
-0.809180
-0.343227
0.397384
-0.667431
-0.125023
0.133388
-0.333492
0.160102
0.355227
-0.068185
